7
8
0 1 1 1 0 0 0 0
1 0 0 0 1 0 0 0
1 0 0 0 0 1 1 0
1 0 0 0 0 1 0 0
0 1 0 0 0 0 1 0
0 0 1 1 0 0 0 1
0 0 1 0 1 0 0 0
0 0 0 0 0 1 0 0
3 
8
0 1 0 0 0 0 0 0
0 0 1 0 0 0 0 0
0 0 0 1 0 0 0 0
0 0 0 0 1 0 0 0
0 0 0 0 0 1 0 0
0 0 0 0 0 0 1 0
0 0 0 0 0 0 0 1
0 0 0 0 0 0 0 0
1 
8
0 1 1 1 0 0 0 0
1 0 0 0 1 0 0 0
1 0 0 0 0 1 1 0
1 0 0 0 0 1 0 0
0 1 0 0 0 0 1 0
0 0 1 1 0 0 0 1
0 0 1 0 1 0 0 0
0 0 0 0 0 1 0 0
4 
6
0 1 0 0 0 0
1 0 1 0 0 0
0 1 0 0 0 0
0 0 0 0 1 1
0 0 0 1 0 1
0 0 0 1 1 0
1 
6
0 1 0 0 0 0
1 0 1 0 0 0
0 1 0 0 0 0
0 0 0 0 1 1
0 0 0 1 0 1
0 0 0 1 1 0
1 
6
0 1 0 0 0 0
1 0 1 0 0 0
0 1 0 0 0 0
0 0 0 0 1 1
0 0 0 1 0 1
0 0 0 1 1 0
2 
5
0 1 0 1 0
1 0 1 0 1
0 1 0 1 0
1 0 1 0 1
0 1 0 1 0
2 

