5
8
0 1 1 1 0 0 0 0
1 0 0 0 1 0 0 0
1 0 0 0 0 1 1 0
1 0 0 0 0 1 0 0
0 1 0 0 0 0 1 0
0 0 1 1 0 0 0 1
0 0 1 0 1 0 0 0
0 0 0 0 0 1 0 0
5 6
8
0 1 1 1 0 0 0 0
1 0 0 0 1 0 0 0
1 0 0 0 0 1 1 0
1 0 0 0 0 1 0 0
0 1 0 0 0 0 1 0
0 0 1 1 0 0 0 1
0 0 1 0 1 0 0 0
0 0 0 0 0 1 0 0
4 5
6
0 1 0 0 0 0
1 0 1 0 0 0
0 1 0 0 0 0
0 0 0 0 1 1
0 0 0 1 0 1
0 0 0 1 1 0
1 3
6
0 1 0 0 0 0
1 0 1 0 0 0
0 1 0 0 0 0
0 0 0 0 1 1
0 0 0 1 0 1
0 0 0 1 1 0
1 4
6
0 1 0 0 0 0
1 0 1 0 0 0
0 1 0 0 0 0
0 0 0 0 1 1
0 0 0 1 0 1
0 0 0 1 1 0
2 6
